clin_id	sample_id	SNVs	Coding	Hetero/homo-rate	TS/TV-rate	T>A	T>C	T>G	C>A	C>G	C>T	Avg.call/cov	Avg.cov	Synonymous	Nonsynonymous	Missense	Splice-site	Nonsense	group
	S_1	2415639	16264	0	0.46	0.02	0.08	0.18	0.48	0.002	0.23	0.26	62.21	3381	12918	11206	279	1991	POLE
P_3	S_3	7571	95	0	1.09	0.1	0.12	0.06	0.25	0.06	0.41	0.24	47.95	28	66	64	2	4	MSS
P_2	S_2	16314	172	0	1.3	0.12	0.19	0.1	0.18	0.04	0.37	0.18	47.93	52	121	113	1	9	MSS
P_4	S_4	12237	103	0	1.01	0.1	0.15	0.09	0.23	0.08	0.35	0.27	47.04	36	67	65	3	5	MSS
P_5	S_5	11985	136	0	1.11	0.09	0.16	0.14	0.2	0.05	0.36	0.17	56.08	46	88	79	5	14	MSS
P_6	S_6	11115	95	0	0.77	0.11	0.17	0.19	0.2	0.06	0.26	0.11	48.49	28	71	66	0	5	MSS
P_7	S_7	19852	190	0	0.78	0.09	0.16	0.22	0.19	0.06	0.28	0.27	54.42	53	134	127	5	12	MSS
P_8	S_8	16659	136	0	0.85	0.13	0.17	0.13	0.19	0.08	0.29	0.29	60.79	41	98	93	0	5	MSS
P_9	S_9	10060	103	0	1.02	0.1	0.12	0.07	0.23	0.1	0.38	0.26	51.79	25	75	71	4	8	MSS
P_10	S_10	12931	151	0	1.4	0.09	0.13	0.07	0.2	0.05	0.46	0.19	54.34	55	97	88	2	11	MSS
P_11	S_11	12033	132	0	1.31	0.09	0.15	0.06	0.23	0.05	0.42	0.15	48.74	41	92	88	2	6	MSS
P_13	S_13	14680	143	0	0.95	0.11	0.16	0.15	0.2	0.05	0.33	0.26	50.44	50	91	83	2	10	MSS
P_12	S_12	11297	129	0	1.06	0.09	0.14	0.09	0.23	0.08	0.38	0.24	56.4	32	96	92	3	7	MSS
P_14	S_14	23394	182	0	0.74	0.09	0.2	0.41	0.05	0.02	0.22	0.2	52.69	44	141	133	1	9	MSS
P_15	S_15	25728	187	0	0.62	0.17	0.21	0.17	0.17	0.1	0.18	0.19	57.09	40	145	137	4	12	MSS
P_16	S_16	11453	129	0	1.7	0.15	0.28	0.08	0.12	0.03	0.35	0.33	50.43	33	100	98	0	2	MSS
P_17	S_17	14536	151	0	0.89	0.11	0.15	0.08	0.23	0.11	0.32	0.2	49.58	34	115	110	3	8	MSS
P_18	S_18	17045	161	0	1.05	0.1	0.14	0.1	0.2	0.09	0.37	0.25	63.85	45	113	107	4	10	MSS
P_19	S_19	12995	130	0	1.17	0.12	0.16	0.1	0.19	0.05	0.38	0.26	49.69	44	85	83	3	5	MSS
	S_20	119004	2199	0	2.73	0.06	0.27	0.06	0.13	0.02	0.46	0.15	54.84	688	1517	1422	35	130	MSI
P_20	S_21	21172	199	0	0.74	0.11	0.15	0.12	0.27	0.08	0.27	0.26	48.23	58	140	130	4	14	MSS
P_21	S_22	10546	111	0	1.25	0.09	0.13	0.06	0.24	0.05	0.42	0.24	36.58	26	84	82	2	4	MSS
P_22	S_23	10130	119	0	1.29	0.1	0.14	0.07	0.23	0.04	0.42	0.28	53.63	34	88	83	2	7	MSS
P_23	S_24	8751	89	0	1.2	0.11	0.17	0.1	0.14	0.1	0.38	0.15	54.35	13	75	65	2	12	MSS
P_25	S_27	18401	177	0	1.4	0.11	0.15	0.1	0.15	0.06	0.43	0.09	57.4	48	126	121	4	9	MSS
P_26	S_28	23022	211	0	0.89	0.12	0.15	0.12	0.21	0.09	0.32	0.38	52.47	59	153	140	2	15	MSS
	S_25	98387	1593	0	2.53	0.07	0.28	0.04	0.16	0.02	0.44	0.27	50.28	503	1094	1042	29	81	MSI
P_27	S_29	76142	392	0	0.53	0.11	0.25	0.43	0.08	0.04	0.1	0.19	46.21	99	293	278	6	21	MSS
P_28	S_30	14493	144	0	0.93	0.1	0.15	0.13	0.21	0.07	0.34	0.31	51.62	43	106	93	0	13	MSS
P_29	S_31	27760	217	0	0.71	0.14	0.2	0.16	0.16	0.13	0.21	0.18	47.42	51	173	161	0	12	MSS
P_32	S_34	19327	135	0	0.86	0.1	0.16	0.2	0.16	0.08	0.3	0.16	50.12	41	93	90	3	6	MSS
P_33	S_35	15177	120	0	0.99	0.14	0.15	0.09	0.21	0.07	0.34	0.33	45.67	29	92	86	2	8	MSS
P_31	S_33	5552	66	0	1.5	0.09	0.13	0.06	0.2	0.05	0.47	0.17	47.84	12	55	49	0	6	MSS
P_34	S_36	14238	146	0	0.76	0.11	0.14	0.14	0.24	0.08	0.29	0.25	55.57	35	114	97	2	19	MSS
P_35	S_37	8511	95	0	1.57	0.08	0.14	0.07	0.19	0.05	0.47	0.23	52.73	23	72	69	2	5	MSS
P_99	S_39	3475	36	0	1	0.09	0.13	0.08	0.29	0.05	0.37	0.09	50.62	8	28	27	0	1	MSS
P_36	S_40	14680	132	0	0.97	0.13	0.19	0.12	0.2	0.05	0.31	0.17	65.15	30	103	96	0	7	MSS
P_37	S_42	12848	165	0	1.4	0.09	0.12	0.06	0.21	0.05	0.47	0.23	51.02	62	109	100	1	10	MSS
	S_41	77887	1339	0	2.6	0.07	0.27	0.06	0.13	0.02	0.45	0.19	43.38	402	941	892	15	64	MSI
P_38	S_43	18485	225	0	1.51	0.09	0.14	0.06	0.19	0.07	0.46	0.17	57.05	62	164	153	2	13	MSS
P_39	S_44	9012	81	0	1.07	0.1	0.18	0.21	0.12	0.05	0.33	0.14	52.89	25	57	52	2	7	MSS
P_40	S_45	20910	221	0	0.76	0.11	0.15	0.11	0.27	0.08	0.29	0.2	53.86	63	159	151	3	11	MSS
P_41	S_46	8468	88	0	1.28	0.1	0.12	0.05	0.21	0.07	0.44	0.37	55.12	21	65	60	2	7	MSS
P_42	S_47	9044	107	0	1.35	0.09	0.13	0.06	0.22	0.05	0.45	0.22	48.84	39	69	67	1	3	MSS
P_43	S_49	21415	175	0	0.62	0.11	0.15	0.19	0.26	0.06	0.23	0.12	50.16	47	123	118	5	10	MSS
P_44	S_50	15401	138	0	0.73	0.11	0.13	0.08	0.3	0.08	0.3	0.18	61.9	43	93	87	4	10	MSS
P_45	S_51	28460	340	0	0.81	0.11	0.17	0.1	0.2	0.14	0.28	0.28	49.49	102	232	220	11	23	MSS
P_30	S_32	7989	76	0	0.98	0.12	0.14	0.1	0.2	0.08	0.36	0.19	63.18	20	57	54	1	4	MSS
P_46	S_52	1326	15	0	0.83	0.11	0.16	0.12	0.24	0.08	0.29	0.12	57.43	6	9	9	0	0	MSS
P_47	S_54	32894	348	0	0.76	0.13	0.14	0.12	0.2	0.12	0.29	0.18	51.91	96	259	247	3	15	MSS
P_48	S_55	10151	102	0	1	0.09	0.14	0.09	0.22	0.1	0.36	0.17	50.54	27	73	69	4	8	MSS
P_49	S_56	13607	114	0	0.66	0.18	0.14	0.11	0.2	0.11	0.26	0.19	47.34	36	78	71	0	7	MSS
P_50	S_57	11998	122	0	1.11	0.11	0.16	0.1	0.21	0.05	0.36	0.17	45.48	32	92	87	0	5	MSS
P_51	S_58	10868	103	0	0.92	0.1	0.14	0.08	0.25	0.08	0.34	0.31	49.12	36	68	64	0	4	MSS
P_52	S_59	14531	151	0	1.16	0.1	0.13	0.06	0.24	0.06	0.41	0.18	52.96	46	106	99	3	10	MSS
P_53	S_60	23245	234	0	0.93	0.14	0.19	0.08	0.24	0.07	0.29	0.26	53.97	65	168	156	3	15	MSS
P_55	S_62	19822	218	0	1.08	0.11	0.16	0.08	0.24	0.06	0.36	0.19	54.88	59	159	148	1	12	MSS
P_56	S_63	13438	130	0	0.89	0.12	0.13	0.08	0.25	0.08	0.34	0.3	71.44	34	97	93	0	4	MSS
P_54	S_61	19327	186	0	0.79	0.13	0.17	0.13	0.21	0.08	0.27	0.2	49.3	64	122	113	4	13	MSS
P_57	S_64	7444	70	0	0.82	0.14	0.17	0.12	0.2	0.09	0.28	0.11	54.98	27	42	38	2	6	MSS
	S_66	60846	900	0	2.17	0.1	0.24	0.05	0.13	0.02	0.44	0.15	53.66	296	604	567	14	51	MSI
P_60	S_68	13136	120	0	1.02	0.11	0.17	0.13	0.21	0.05	0.33	0.26	51.92	37	84	77	1	8	MSS
P_58	S_67	15308	163	0	0.91	0.08	0.13	0.09	0.29	0.07	0.34	0.2	48.86	50	110	105	3	8	MSS
	S_69	138288	2622	0	2.94	0.06	0.2	0.06	0.13	0.01	0.54	0.21	62.09	815	1826	1748	32	110	MSI
P_61	S_70	13713	137	0	0.95	0.11	0.16	0.11	0.23	0.07	0.32	0.24	54.2	47	89	83	2	8	MSS
P_62	S_71	13443	134	0	0.77	0.12	0.16	0.11	0.23	0.1	0.27	0.24	47.07	35	104	99	0	5	MSS
P_63	S_72	15996	158	0	0.97	0.1	0.14	0.16	0.17	0.08	0.35	0.26	43.19	45	115	108	0	7	MSS
P_64	S_73	6524	76	0	1.48	0.08	0.15	0.08	0.18	0.06	0.45	0.34	61.15	24	52	48	0	4	MSS
P_65	S_74	7774	81	0	1.42	0.1	0.16	0.05	0.22	0.04	0.43	0.15	61.23	22	61	52	0	9	MSS
P_66	S_75	11153	111	0	0.9	0.12	0.15	0.13	0.21	0.07	0.33	0.31	56.18	27	86	82	2	6	MSS
P_68	S_77	10752	92	0	1.2	0.09	0.11	0.05	0.27	0.04	0.44	0.27	46.94	31	64	61	0	3	MSS
P_69	S_78	8101	109	0	1.23	0.1	0.15	0.06	0.23	0.06	0.41	0.18	41.87	30	80	76	2	6	MSS
P_67	S_76	27140	258	0	0.85	0.1	0.15	0.2	0.2	0.05	0.31	0.17	67.31	75	183	172	2	13	MSS
P_70	S_79	15344	135	0	0.95	0.1	0.15	0.09	0.25	0.07	0.34	0.22	59.43	36	100	92	2	10	MSS
	S_80	1273749	9611	0	0.83	0.02	0.14	0.18	0.34	0.004	0.31	0.15	53.6	2171	7521	6689	103	935	POLE
P_71	S_81	31437	321	0	0.82	0.09	0.13	0.16	0.12	0.19	0.32	0.38	52.44	85	243	224	3	22	MSS
P_72	S_82	9703	92	0	1.2	0.1	0.13	0.08	0.22	0.06	0.42	0.26	44.26	28	65	61	0	4	MSS
P_73	S_83	18959	171	0	0.88	0.12	0.13	0.09	0.24	0.08	0.34	0.27	62.5	46	127	122	2	7	MSS
P_74	S_84	9277	80	0	1.01	0.09	0.11	0.06	0.27	0.08	0.39	0.23	49.09	27	53	50	1	4	MSS
P_75	S_85	9734	110	0	1.2	0.09	0.14	0.07	0.23	0.06	0.4	0.25	51.51	29	82	79	1	4	MSS
P_76	S_86	13715	139	0	1.13	0.11	0.16	0.11	0.18	0.08	0.37	0.19	48.09	42	97	90	1	8	MSS
P_77	S_87	11683	103	0	0.83	0.14	0.16	0.1	0.21	0.1	0.29	0.21	60.52	18	87	83	0	4	MSS
P_78	S_88	12188	151	0	1.14	0.09	0.13	0.08	0.19	0.1	0.4	0.3	61.94	34	116	110	4	10	MSS
P_80	S_90	18644	160	0	0.9	0.09	0.15	0.11	0.19	0.14	0.32	0.21	43.97	58	108	99	0	9	MSS
	S_91	440299	5825	0	3.07	0.09	0.41	0.05	0.08	0.03	0.35	0.25	71.94	1803	4007	3857	123	273	MSI
P_79	S_89	15707	131	0	1.06	0.15	0.22	0.12	0.17	0.05	0.3	0.25	64.88	35	94	88	4	10	MSS
P_81	S_93	19061	171	0	0.89	0.12	0.18	0.13	0.18	0.1	0.29	0.19	60.08	48	127	121	4	10	MSS
P_82	S_94	19782	234	0	1.07	0.13	0.15	0.07	0.2	0.07	0.37	0.38	65.01	68	163	155	5	13	MSS
	S_95	95528	1676	0	2.6	0.07	0.28	0.05	0.14	0.02	0.44	0.13	63.83	498	1189	1132	24	81	MSI
	S_92	150895	3172	0	3.16	0.06	0.14	0.06	0.11	0.01	0.62	0.18	58.57	935	2281	2156	31	156	MSI
P_83	S_96	17776	207	0	0.9	0.12	0.14	0.14	0.18	0.09	0.33	0.19	53.74	64	144	138	3	9	MSS
P_85	S_98	14259	161	0	1.11	0.08	0.12	0.06	0.28	0.05	0.41	0.24	50.13	54	111	109	2	4	MSS
P_84	S_97	25969	261	0	1.25	0.09	0.12	0.09	0.21	0.06	0.43	0.14	60.63	78	182	164	5	23	MSS
P_86	S_99	12841	118	0	0.91	0.16	0.14	0.07	0.21	0.08	0.34	0.32	53.65	33	89	82	1	8	MSS
	S_100	98107	2065	0	3.07	0.06	0.17	0.06	0.12	0.01	0.58	0.2	45.69	652	1445	1389	12	68	MSI
P_87	S_101	19498	144	0	0.72	0.12	0.16	0.17	0.22	0.07	0.26	0.21	59.79	37	110	102	2	10	MSS
P_88	S_102	12488	135	0	1.17	0.1	0.13	0.13	0.17	0.06	0.41	0.23	55.02	44	93	91	1	3	MSS
P_89	S_103	8555	97	0	1.03	0.11	0.14	0.09	0.22	0.08	0.37	0.24	48.53	26	74	72	1	3	MSS
P_90	S_104	18618	185	0	0.87	0.11	0.19	0.15	0.2	0.07	0.28	0.22	55.92	49	136	132	3	7	MSS
P_91	S_105	10904	111	0	1.42	0.09	0.16	0.06	0.22	0.05	0.43	0.2	44.68	32	80	77	1	4	MSS
P_92	S_106	13828	137	0	0.95	0.13	0.16	0.1	0.2	0.08	0.33	0.25	49.93	35	103	93	1	11	MSS
P_93	S_107	27409	271	0	0.96	0.12	0.18	0.18	0.13	0.08	0.31	0.25	59.06	85	189	180	1	10	MSS
P_94	S_108	7957	96	0	1.31	0.08	0.12	0.06	0.26	0.04	0.44	0.28	62.43	29	69	61	1	9	MSS
P_95	S_109	28499	280	0	0.81	0.1	0.18	0.11	0.26	0.08	0.27	0.18	64.85	95	195	178	8	25	MSS
P_96	S_110	21791	173	0	0.72	0.1	0.2	0.23	0.16	0.09	0.22	0.17	65.3	75	121	114	0	7	MSS
P_97	S_111	9483	116	0	1.16	0.08	0.11	0.04	0.29	0.04	0.42	0.22	63.01	28	87	82	2	7	MSS
P_59	S_112	19785	236	0	0.93	0.12	0.17	0.08	0.22	0.1	0.31	0.22	42.2	57	179	167	5	17	MSS
P_100	S_114	9544	96	0	1.17	0.11	0.14	0.06	0.23	0.06	0.4	0.25	58.56	33	63	61	1	3	MSS
P_101	S_115	10899	116	0	1.01	0.09	0.12	0.06	0.29	0.05	0.38	0.21	58.27	33	83	81	1	3	MSS
P_98	S_113	10714	120	0	1.15	0.11	0.15	0.07	0.21	0.07	0.39	0.26	49.81	41	78	72	2	8	MSS
P_102	S_116	3081	27	0	1.42	0.08	0.14	0.06	0.23	0.05	0.45	0.11	42.86	11	17	14	0	3	MSS
P_103	S_117	12470	121	0	1.03	0.09	0.14	0.1	0.23	0.08	0.37	0.19	54.59	25	99	92	0	7	MSS
P_104	S_118	10689	146	0	1.19	0.1	0.13	0.07	0.22	0.07	0.41	0.24	50.32	49	99	95	2	6	MSS
P_105	S_119	8441	76	0	0.69	0.15	0.17	0.14	0.21	0.1	0.24	0.1	66.73	21	55	53	1	3	MSS
P_106	S_120	25796	176	0	0.59	0.09	0.18	0.39	0.1	0.05	0.19	0.25	47.02	45	136	124	1	13	MSS
P_107	S_121	15578	181	0	0.95	0.08	0.12	0.06	0.33	0.05	0.37	0.23	43.8	54	127	117	2	12	MSS
P_108	S_122	8742	95	0	1.39	0.07	0.13	0.07	0.25	0.04	0.46	0.09	64.1	31	63	58	1	6	MSS
P_109	S_123	15821	139	0	0.91	0.11	0.13	0.13	0.2	0.09	0.34	0.22	55.8	42	94	87	4	11	MSS
P_110	S_124	18484	175	0	1.03	0.11	0.16	0.1	0.19	0.09	0.35	0.13	50.48	54	121	110	4	15	MSS
P_111	S_125	13454	110	0	0.95	0.13	0.2	0.11	0.16	0.1	0.29	0.27	48.52	39	71	66	2	7	MSS
P_113	S_127	12372	145	0	1.4	0.08	0.13	0.05	0.24	0.05	0.46	0.19	41.84	37	109	100	2	11	MSS
P_114	S_128	9336	90	0	1.2	0.09	0.14	0.08	0.2	0.07	0.41	0.19	56.88	25	66	64	1	3	MSS
P_115	S_129	12595	155	0	1.09	0.13	0.13	0.09	0.18	0.08	0.39	0.24	63.6	51	103	98	4	9	MSS
P_116	S_130	24680	260	0	0.68	0.11	0.12	0.08	0.31	0.09	0.28	0.3	60.12	75	191	184	1	8	MSS
P_112	S_126	15680	171	0	0.91	0.11	0.14	0.07	0.26	0.09	0.34	0.31	49.51	45	125	112	3	16	MSS
P_118	S_131	21743	161	0	0.67	0.12	0.2	0.21	0.17	0.1	0.2	0.26	53.14	36	123	119	2	6	MSS
P_119	S_133	22287	228	0	0.91	0.12	0.15	0.13	0.2	0.08	0.33	0.25	53.19	70	155	148	5	12	MSS
P_120	S_134	9353	97	0	1.09	0.1	0.13	0.06	0.27	0.05	0.39	0.29	41.56	26	73	69	1	5	MSS
P_121	S_135	13901	152	0	1.12	0.1	0.14	0.07	0.22	0.08	0.39	0.19	52.68	51	104	96	1	9	MSS
	S_132	100665	1613	0	2.6	0.07	0.21	0.05	0.13	0.02	0.51	0.09	54.93	496	1131	1074	15	72	MSI
P_122	S_136	31235	291	0	0.73	0.13	0.16	0.11	0.18	0.15	0.26	0.29	55.78	83	212	192	5	25	MSS
P_123	S_137	16255	151	0	0.89	0.11	0.15	0.1	0.23	0.09	0.33	0.2	56.11	46	106	97	1	10	MSS
P_124	S_138	8655	100	0	1.25	0.1	0.14	0.07	0.21	0.07	0.41	0.45	54.89	25	76	71	1	6	MSS
P_125	S_139	15575	174	0	0.92	0.08	0.12	0.11	0.29	0.04	0.36	0.18	51.37	45	130	121	1	10	MSS
P_126	S_140	22031	198	0	0.79	0.13	0.16	0.14	0.22	0.08	0.28	0.2	59.49	46	152	143	4	13	MSS
P_128	S_142	12220	126	0	0.97	0.14	0.16	0.08	0.22	0.06	0.34	0.34	48.14	43	84	80	1	5	MSS
P_129	S_143	11774	117	0	0.89	0.14	0.18	0.12	0.18	0.08	0.29	0.27	42.64	31	85	78	2	9	MSS
P_130	S_144	26073	231	0	0.8	0.09	0.18	0.16	0.17	0.13	0.26	0.26	48.3	66	163	155	4	12	MSS
P_127	S_141	12478	133	0	1.18	0.1	0.16	0.09	0.2	0.07	0.39	0.17	58.34	38	98	89	1	10	MSS
P_131	S_145	11130	104	0	0.98	0.11	0.14	0.09	0.23	0.08	0.35	0.39	58.76	22	82	77	1	6	MSS
P_132	S_146	11114	105	0	1.06	0.11	0.13	0.09	0.22	0.07	0.38	0.22	55.01	30	77	71	2	8	MSS
P_133	S_148	26961	233	0	0.54	0.11	0.17	0.3	0.15	0.09	0.18	0.25	49.8	58	174	167	3	10	MSS
P_134	S_149	11020	108	0	0.92	0.1	0.14	0.09	0.19	0.14	0.34	0.26	64.11	33	73	65	3	11	MSS
P_135	S_150	11547	147	0	1.33	0.09	0.12	0.08	0.21	0.05	0.45	0.32	41.65	39	111	105	0	6	MSS
P_136	S_151	13046	127	0	0.82	0.12	0.14	0.1	0.23	0.1	0.31	0.29	65.94	48	77	70	4	11	MSS
P_137	S_152	10749	128	0	1.27	0.09	0.13	0.06	0.24	0.05	0.43	0.27	47.97	41	87	83	2	6	MSS
P_138	S_153	17903	214	0	0.95	0.08	0.13	0.06	0.25	0.11	0.36	0.2	61.44	50	166	152	2	16	MSS
P_139	S_154	12278	135	0	1.23	0.1	0.13	0.07	0.22	0.06	0.42	0.28	65.22	40	99	93	0	6	MSS
P_140	S_155	8457	63	0	0.6	0.17	0.19	0.15	0.22	0.08	0.19	0.11	60.96	17	46	40	1	7	MSS
P_141	S_157	16711	207	0	1.17	0.1	0.14	0.08	0.18	0.1	0.4	0.33	57.67	59	148	139	2	11	MSS
P_142	S_158	8099	90	0	1.47	0.09	0.13	0.06	0.2	0.05	0.46	0.26	53.42	27	63	56	0	7	MSS
P_144	S_160	11591	111	0	0.98	0.13	0.15	0.11	0.18	0.09	0.35	0.22	53.93	27	84	82	2	4	MSS
P_143	S_159	23900	183	0	0.66	0.1	0.17	0.28	0.15	0.08	0.23	0.22	43.78	46	138	132	4	10	MSS
P_145	S_161	7805	99	0	1.36	0.09	0.13	0.06	0.22	0.06	0.44	0.29	43.7	27	70	66	2	6	MSS
P_146	S_162	9849	93	0	1.42	0.09	0.14	0.05	0.24	0.04	0.45	0.28	46.72	30	66	63	1	4	MSS
P_147	S_163	13859	141	0	0.86	0.12	0.16	0.12	0.19	0.1	0.3	0.25	48.25	44	98	90	2	10	MSS
P_148	S_164	12751	99	0	0.76	0.15	0.18	0.14	0.16	0.13	0.25	0.16	51.22	28	72	68	2	6	MSS
P_149	S_165	20902	158	0	0.43	0.51	0.17	0.07	0.09	0.03	0.13	0.08	58.23	37	121	117	0	4	MSS
P_150	S_166	16193	165	0	1.07	0.09	0.14	0.09	0.25	0.06	0.37	0.27	48.01	45	121	116	1	6	MSS
P_151	S_167	17561	130	0	0.71	0.14	0.19	0.16	0.14	0.14	0.22	0.12	56.87	33	98	92	3	9	MSS
P_152	S_168	12513	108	0	1.27	0.08	0.12	0.15	0.15	0.07	0.44	0.21	60.46	32	78	71	1	8	MSS
	S_169	2834405	17822	0	0.43	0.02	0.13	0.37	0.31	0.0019	0.17	0.29	53.38	3322	14565	13133	307	1739	POLE
P_153	S_170	12606	126	0	0.94	0.1	0.14	0.07	0.27	0.07	0.35	0.22	55.09	29	96	89	2	9	MSS
P_154	S_171	23791	196	0	0.64	0.14	0.19	0.19	0.16	0.12	0.2	0.12	55.03	40	154	146	4	12	MSS
P_155	S_172	24804	228	0	0.55	0.18	0.16	0.15	0.2	0.12	0.19	0.2	55.79	51	176	162	4	18	MSS
P_156	S_173	18105	167	0	0.92	0.12	0.18	0.17	0.17	0.06	0.3	0.15	50.38	41	128	117	2	13	MSS
P_157	S_174	12419	148	0	0.96	0.12	0.14	0.08	0.21	0.1	0.35	0.28	46.25	50	121	116	2	7	MSS
P_158	S_175	26551	189	0	0.93	0.19	0.3	0.19	0.09	0.05	0.18	0.39	59.73	46	145	134	1	12	MSS
P_159	S_176	11694	126	0	1.52	0.1	0.19	0.07	0.17	0.05	0.41	0.2	66.32	33	93	86	2	9	MSS
	S_177	113583	1937	0	2.42	0.07	0.2	0.07	0.14	0.02	0.51	0.13	61.38	602	1370	1308	16	78	MSI
P_161	S_179	14649	127	0	0.72	0.13	0.14	0.11	0.2	0.14	0.28	0.19	48.22	33	95	89	0	6	MSS
P_162	S_180	10412	89	0	0.92	0.09	0.12	0.1	0.29	0.05	0.35	0.1	55.71	25	63	59	2	6	MSS
P_163	S_181	14762	169	0	0.88	0.12	0.15	0.09	0.22	0.1	0.32	0.32	55.22	49	121	115	2	8	MSS
P_165	S_183	15746	143	0	0.83	0.14	0.15	0.12	0.2	0.08	0.3	0.24	54.6	34	109	103	3	9	MSS
P_164	S_182	26929	209	0	0.57	0.15	0.16	0.14	0.19	0.15	0.2	0.19	61.01	48	164	149	2	17	MSS
P_166	S_184	18525	256	0	0.73	0.08	0.11	0.05	0.34	0.1	0.31	0.23	54.64	66	185	180	7	12	MSS
P_167	S_185	9862	114	0	1.1	0.09	0.12	0.06	0.28	0.05	0.4	0.31	51.33	40	75	69	0	6	MSS
P_168	S_186	11687	103	0	1.07	0.11	0.13	0.07	0.25	0.06	0.39	0.22	56.74	28	77	75	2	4	MSS
P_117	S_187	19005	157	0	0.8	0.11	0.15	0.11	0.25	0.08	0.3	0.23	47.48	40	115	108	4	11	MSS
P_160	S_178	6720	72	0	1.26	0.1	0.12	0.06	0.23	0.06	0.44	0.22	71.33	19	50	45	4	9	MSS
P_169	S_188	9922	95	0	1.14	0.12	0.19	0.08	0.21	0.06	0.34	0.28	45.42	26	69	63	2	8	MSS
P_170	S_189	10311	107	0	1.22	0.13	0.18	0.08	0.19	0.04	0.37	0.37	48.97	28	82	72	0	10	MSS
P_171	S_190	26193	243	0	0.84	0.09	0.16	0.23	0.17	0.05	0.29	0.29	60.1	65	199	191	5	13	MSS
P_172	S_191	20322	276	0	0.81	0.08	0.1	0.04	0.34	0.09	0.34	0.28	65.14	74	203	197	6	12	MSS
P_173	S_192	13415	152	0	1.21	0.1	0.16	0.07	0.23	0.05	0.39	0.42	50.99	45	106	96	1	11	MSS
	S_193	89155	1495	0	2.68	0.07	0.27	0.08	0.11	0.01	0.46	0.35	51.38	447	1054	992	20	82	MSI
P_174	S_194	10379	92	0	0.7	0.13	0.16	0.14	0.26	0.06	0.25	0.21	51.43	25	70	63	0	7	MSS
P_175	S_195	3578	57	0	1.78	0.07	0.11	0.05	0.2	0.04	0.53	0.1	48.85	17	41	38	0	3	MSS
P_176	S_196	14531	159	0	1.08	0.14	0.17	0.09	0.19	0.06	0.35	0.35	51.86	44	119	109	2	12	MSS
P_24	S_197	7681	83	0	1.07	0.11	0.14	0.08	0.2	0.1	0.38	0.32	47.08	20	63	61	1	3	MSS
P_177	S_198	13612	130	0	0.84	0.12	0.14	0.11	0.24	0.07	0.32	0.15	64.99	29	97	92	6	11	MSS
P_178	S_199	15596	164	0	0.81	0.11	0.15	0.21	0.15	0.07	0.29	0.21	51.6	53	111	107	2	6	MSS
	S_200	195779	3156	0	2.55	0.07	0.29	0.04	0.14	0.02	0.43	0.22	53.88	996	2178	2079	51	150	MSI
P_179	S_202	15900	174	0	1.05	0.12	0.13	0.1	0.18	0.09	0.38	0.23	63.69	52	124	122	1	3	MSS
P_180	S_203	13481	141	0	0.94	0.11	0.17	0.12	0.2	0.08	0.31	0.2	61.13	48	93	89	3	7	MSS
P_181	S_204	14687	131	0	0.97	0.11	0.16	0.12	0.21	0.07	0.33	0.22	45.81	35	98	94	0	4	MSS
P_182	S_205	9344	91	0	1.21	0.09	0.12	0.08	0.21	0.07	0.43	0.12	50.37	30	61	55	0	6	MSS
P_183	S_206	12233	109	0	0.86	0.14	0.19	0.13	0.17	0.09	0.28	0.1	66.04	33	78	71	1	8	MSS
P_184	S_207	937	19	0	0.76	0.11	0.15	0.15	0.23	0.08	0.29	0.12	42.82	3	16	15	0	1	MSS
P_185	S_208	1962	14	0	0.61	0.11	0.11	0.15	0.3	0.06	0.26	0.12	49.04	2	11	11	1	1	MSS
